{
 "cells": [
  {
   "cell_type": "code",
   "execution_count": null,
   "id": "73603ced",
   "metadata": {
    "ExecuteTime": {
     "end_time": "2025-12-04T12:50:38.962918Z",
     "start_time": "2025-12-04T12:50:38.689171Z"
    }
   },
   "outputs": [],
   "source": [
    "import numpy as np\n",
    "import pickle\n",
    "import sys\n",
    "\n",
    "# Fix for NumPy 2.x compatibility with pickle files created with NumPy 1.x\n",
    "# NumPy 2.0+ renamed numpy.core to numpy._core, but pickle files may reference numpy._core\n",
    "# We need to create a custom unpickler that redirects numpy._core references to numpy.core\n",
    "\n",
    "class NumpyCompatibilityUnpickler(pickle.Unpickler):\n",
    "    \"\"\"Custom unpickler that fixes numpy._core module references for NumPy 2.x compatibility\"\"\"\n",
    "    def find_class(self, module, name):\n",
    "        # Redirect numpy._core.* references to numpy.core.*\n",
    "        if module.startswith('numpy._core'):\n",
    "            module = module.replace('numpy._core', 'numpy.core')\n",
    "        \n",
    "        # Ensure numpy.core modules are accessible\n",
    "        if module == 'numpy.core.multiarray':\n",
    "            import numpy.core.multiarray\n",
    "            return getattr(numpy.core.multiarray, name)\n",
    "        elif module == 'numpy.core._multiarray_umath':\n",
    "            import numpy.core._multiarray_umath\n",
    "            return getattr(numpy.core._multiarray_umath, name)\n",
    "        \n",
    "        return super().find_class(module, name)\n",
    "\n",
    "from sequenzo.define_sequence_data import SequenceData\n",
    "from sequenzo.multidomain.cat import compute_cat_distance_matrix\n",
    "import pandas as pd \n",
    "\n",
    "# Load pickle file using custom unpickler for NumPy 2.x compatibility\n",
    "with open(\"dataset.pkl\", \"rb\") as f:\n",
    "    unpickler = NumpyCompatibilityUnpickler(f)\n",
    "    data = unpickler.load()\n",
    "\n",
    "sequences_mv = data[\"X\"]"
   ]
  },
  {
   "cell_type": "code",
   "execution_count": 5,
   "id": "d11d4ba3",
   "metadata": {},
   "outputs": [
    {
     "data": {
      "text/plain": [
       "array([[[0, 1, 1, ..., 1, 0, 0],\n",
       "        [0, 0, 0, ..., 1, 1, 1],\n",
       "        [0, 1, 1, ..., 0, 0, 1],\n",
       "        ...,\n",
       "        [1, 0, 1, ..., 1, 0, 0],\n",
       "        [0, 1, 1, ..., 1, 1, 0],\n",
       "        [1, 0, 1, ..., 1, 0, 0]],\n",
       "\n",
       "       [[0, 1, 0, ..., 1, 0, 1],\n",
       "        [0, 1, 1, ..., 1, 0, 1],\n",
       "        [0, 1, 1, ..., 0, 0, 1],\n",
       "        ...,\n",
       "        [0, 0, 1, ..., 1, 0, 0],\n",
       "        [1, 0, 0, ..., 1, 0, 0],\n",
       "        [1, 0, 1, ..., 0, 0, 1]],\n",
       "\n",
       "       [[1, 1, 1, ..., 1, 1, 1],\n",
       "        [1, 1, 1, ..., 1, 0, 1],\n",
       "        [0, 1, 1, ..., 0, 1, 0],\n",
       "        ...,\n",
       "        [1, 1, 0, ..., 0, 0, 1],\n",
       "        [1, 1, 1, ..., 1, 0, 1],\n",
       "        [0, 1, 0, ..., 1, 1, 0]],\n",
       "\n",
       "       ...,\n",
       "\n",
       "       [[0, 1, 1, ..., 0, 1, 0],\n",
       "        [0, 1, 1, ..., 1, 0, 0],\n",
       "        [0, 1, 0, ..., 1, 0, 1],\n",
       "        ...,\n",
       "        [0, 0, 0, ..., 1, 0, 0],\n",
       "        [0, 0, 0, ..., 1, 0, 1],\n",
       "        [0, 0, 1, ..., 0, 1, 1]],\n",
       "\n",
       "       [[0, 0, 0, ..., 1, 1, 1],\n",
       "        [0, 1, 0, ..., 1, 1, 0],\n",
       "        [1, 1, 1, ..., 1, 1, 1],\n",
       "        ...,\n",
       "        [1, 1, 0, ..., 1, 1, 0],\n",
       "        [1, 0, 0, ..., 1, 1, 0],\n",
       "        [0, 1, 1, ..., 0, 0, 1]],\n",
       "\n",
       "       [[0, 1, 1, ..., 0, 1, 1],\n",
       "        [0, 0, 1, ..., 0, 1, 0],\n",
       "        [1, 0, 1, ..., 0, 1, 1],\n",
       "        ...,\n",
       "        [0, 0, 0, ..., 1, 1, 1],\n",
       "        [0, 0, 0, ..., 0, 1, 1],\n",
       "        [0, 0, 0, ..., 0, 0, 1]]])"
      ]
     },
     "execution_count": 5,
     "metadata": {},
     "output_type": "execute_result"
    }
   ],
   "source": [
    "sequences_mv"
   ]
  },
  {
   "cell_type": "code",
   "execution_count": 2,
   "id": "2e715fa5",
   "metadata": {
    "ExecuteTime": {
     "end_time": "2025-12-10T06:19:51.607282Z",
     "start_time": "2025-12-10T06:19:47.738081Z"
    }
   },
   "outputs": [
    {
     "name": "stdout",
     "output_type": "stream",
     "text": [
      "\n",
      "[>] SequenceData initialized successfully! Here's a summary:\n",
      "[>] Number of sequences: 10\n",
      "[>] Number of time points: 20\n",
      "[>] Min/Max sequence length: 20 / 20\n",
      "[>] States: ['1', '2']\n",
      "[>] Labels: ['1', '2']\n",
      "[>] Weights: Not provided\n",
      "\n",
      "[>] SequenceData initialized successfully! Here's a summary:\n",
      "[>] Number of sequences: 10\n",
      "[>] Number of time points: 20\n",
      "[>] Min/Max sequence length: 20 / 20\n",
      "[>] States: ['1', '2']\n",
      "[>] Labels: ['1', '2']\n",
      "[>] Weights: Not provided\n",
      "\n",
      "[>] SequenceData initialized successfully! Here's a summary:\n",
      "[>] Number of sequences: 10\n",
      "[>] Number of time points: 20\n",
      "[>] Min/Max sequence length: 20 / 20\n",
      "[>] States: ['1', '2']\n",
      "[>] Labels: ['1', '2']\n",
      "[>] Weights: Not provided\n",
      "\n",
      "[>] SequenceData initialized successfully! Here's a summary:\n",
      "[>] Number of sequences: 10\n",
      "[>] Number of time points: 20\n",
      "[>] Min/Max sequence length: 20 / 20\n",
      "[>] States: ['1', '2']\n",
      "[>] Labels: ['1', '2']\n",
      "[>] Weights: Not provided\n",
      "\n",
      "[>] SequenceData initialized successfully! Here's a summary:\n",
      "[>] Number of sequences: 10\n",
      "[>] Number of time points: 20\n",
      "[>] Min/Max sequence length: 20 / 20\n",
      "[>] States: ['1', '2']\n",
      "[>] Labels: ['1', '2']\n",
      "[>] Weights: Not provided\n",
      "\n",
      "[>] SequenceData initialized successfully! Here's a summary:\n",
      "[>] Number of sequences: 10\n",
      "[>] Number of time points: 20\n",
      "[>] Min/Max sequence length: 20 / 20\n",
      "[>] States: ['1', '2']\n",
      "[>] Labels: ['1', '2']\n",
      "[>] Weights: Not provided\n",
      "\n",
      "[>] SequenceData initialized successfully! Here's a summary:\n",
      "[>] Number of sequences: 10\n",
      "[>] Number of time points: 20\n",
      "[>] Min/Max sequence length: 20 / 20\n",
      "[>] States: ['1', '2']\n",
      "[>] Labels: ['1', '2']\n",
      "[>] Weights: Not provided\n",
      "\n",
      "[>] SequenceData initialized successfully! Here's a summary:\n",
      "[>] Number of sequences: 10\n",
      "[>] Number of time points: 20\n",
      "[>] Min/Max sequence length: 20 / 20\n",
      "[>] States: ['1', '2']\n",
      "[>] Labels: ['1', '2']\n",
      "[>] Weights: Not provided\n",
      "\n",
      "[>] SequenceData initialized successfully! Here's a summary:\n",
      "[>] Number of sequences: 10\n",
      "[>] Number of time points: 20\n",
      "[>] Min/Max sequence length: 20 / 20\n",
      "[>] States: ['1', '2']\n",
      "[>] Labels: ['1', '2']\n",
      "[>] Weights: Not provided\n",
      "\n",
      "[>] SequenceData initialized successfully! Here's a summary:\n",
      "[>] Number of sequences: 10\n",
      "[>] Number of time points: 20\n",
      "[>] Min/Max sequence length: 20 / 20\n",
      "[>] States: ['1', '2']\n",
      "[>] Labels: ['1', '2']\n",
      "[>] Weights: Not provided\n",
      "\n",
      "[>] SequenceData initialized successfully! Here's a summary:\n",
      "[>] Number of sequences: 10\n",
      "[>] Number of time points: 20\n",
      "[>] Min/Max sequence length: 20 / 20\n",
      "[>] States: ['1', '2']\n",
      "[>] Labels: ['1', '2']\n",
      "[>] Weights: Not provided\n",
      "\n",
      "[>] SequenceData initialized successfully! Here's a summary:\n",
      "[>] Number of sequences: 10\n",
      "[>] Number of time points: 20\n",
      "[>] Min/Max sequence length: 20 / 20\n",
      "[>] States: ['1', '2']\n",
      "[>] Labels: ['1', '2']\n",
      "[>] Weights: Not provided\n",
      "\n",
      "[>] SequenceData initialized successfully! Here's a summary:\n",
      "[>] Number of sequences: 10\n",
      "[>] Number of time points: 20\n",
      "[>] Min/Max sequence length: 20 / 20\n",
      "[>] States: ['1', '2']\n",
      "[>] Labels: ['1', '2']\n",
      "[>] Weights: Not provided\n",
      "\n",
      "[>] SequenceData initialized successfully! Here's a summary:\n",
      "[>] Number of sequences: 10\n",
      "[>] Number of time points: 20\n",
      "[>] Min/Max sequence length: 20 / 20\n",
      "[>] States: ['1', '2']\n",
      "[>] Labels: ['1', '2']\n",
      "[>] Weights: Not provided\n",
      "\n",
      "[>] SequenceData initialized successfully! Here's a summary:\n",
      "[>] Number of sequences: 10\n",
      "[>] Number of time points: 20\n",
      "[>] Min/Max sequence length: 20 / 20\n",
      "[>] States: ['1', '2']\n",
      "[>] Labels: ['1', '2']\n",
      "[>] Weights: Not provided\n",
      "\n",
      "[>] SequenceData initialized successfully! Here's a summary:\n",
      "[>] Number of sequences: 10\n",
      "[>] Number of time points: 20\n",
      "[>] Min/Max sequence length: 20 / 20\n",
      "[>] States: ['1', '2']\n",
      "[>] Labels: ['1', '2']\n",
      "[>] Weights: Not provided\n",
      "\n",
      "[>] SequenceData initialized successfully! Here's a summary:\n",
      "[>] Number of sequences: 10\n",
      "[>] Number of time points: 20\n",
      "[>] Min/Max sequence length: 20 / 20\n",
      "[>] States: ['1', '2']\n",
      "[>] Labels: ['1', '2']\n",
      "[>] Weights: Not provided\n",
      "\n",
      "[>] SequenceData initialized successfully! Here's a summary:\n",
      "[>] Number of sequences: 10\n",
      "[>] Number of time points: 20\n",
      "[>] Min/Max sequence length: 20 / 20\n",
      "[>] States: ['1', '2']\n",
      "[>] Labels: ['1', '2']\n",
      "[>] Weights: Not provided\n",
      "\n",
      "[>] SequenceData initialized successfully! Here's a summary:\n",
      "[>] Number of sequences: 10\n",
      "[>] Number of time points: 20\n",
      "[>] Min/Max sequence length: 20 / 20\n",
      "[>] States: ['1', '2']\n",
      "[>] Labels: ['1', '2']\n",
      "[>] Weights: Not provided\n",
      "\n",
      "[>] SequenceData initialized successfully! Here's a summary:\n",
      "[>] Number of sequences: 10\n",
      "[>] Number of time points: 20\n",
      "[>] Min/Max sequence length: 20 / 20\n",
      "[>] States: ['1', '2']\n",
      "[>] Labels: ['1', '2']\n",
      "[>] Weights: Not provided\n",
      "\n",
      "[>] SequenceData initialized successfully! Here's a summary:\n",
      "[>] Number of sequences: 10\n",
      "[>] Number of time points: 20\n",
      "[>] Min/Max sequence length: 20 / 20\n",
      "[>] States: ['1', '2']\n",
      "[>] Labels: ['1', '2']\n",
      "[>] Weights: Not provided\n",
      "\n",
      "[>] SequenceData initialized successfully! Here's a summary:\n",
      "[>] Number of sequences: 10\n",
      "[>] Number of time points: 20\n",
      "[>] Min/Max sequence length: 20 / 20\n",
      "[>] States: ['1', '2']\n",
      "[>] Labels: ['1', '2']\n",
      "[>] Weights: Not provided\n",
      "\n",
      "[>] SequenceData initialized successfully! Here's a summary:\n",
      "[>] Number of sequences: 10\n",
      "[>] Number of time points: 20\n",
      "[>] Min/Max sequence length: 20 / 20\n",
      "[>] States: ['1', '2']\n",
      "[>] Labels: ['1', '2']\n",
      "[>] Weights: Not provided\n",
      "\n",
      "[>] SequenceData initialized successfully! Here's a summary:\n",
      "[>] Number of sequences: 10\n",
      "[>] Number of time points: 20\n",
      "[>] Min/Max sequence length: 20 / 20\n",
      "[>] States: ['1', '2']\n",
      "[>] Labels: ['1', '2']\n",
      "[>] Weights: Not provided\n",
      "\n",
      "[>] SequenceData initialized successfully! Here's a summary:\n",
      "[>] Number of sequences: 10\n",
      "[>] Number of time points: 20\n",
      "[>] Min/Max sequence length: 20 / 20\n",
      "[>] States: ['1', '2']\n",
      "[>] Labels: ['1', '2']\n",
      "[>] Weights: Not provided\n",
      "\n",
      "[>] SequenceData initialized successfully! Here's a summary:\n",
      "[>] Number of sequences: 10\n",
      "[>] Number of time points: 20\n",
      "[>] Min/Max sequence length: 20 / 20\n",
      "[>] States: ['1', '2']\n",
      "[>] Labels: ['1', '2']\n",
      "[>] Weights: Not provided\n",
      "\n",
      "[>] SequenceData initialized successfully! Here's a summary:\n",
      "[>] Number of sequences: 10\n",
      "[>] Number of time points: 20\n",
      "[>] Min/Max sequence length: 20 / 20\n",
      "[>] States: ['1', '2']\n",
      "[>] Labels: ['1', '2']\n",
      "[>] Weights: Not provided\n",
      "\n",
      "[>] SequenceData initialized successfully! Here's a summary:\n",
      "[>] Number of sequences: 10\n",
      "[>] Number of time points: 20\n",
      "[>] Min/Max sequence length: 20 / 20\n",
      "[>] States: ['1', '2']\n",
      "[>] Labels: ['1', '2']\n",
      "[>] Weights: Not provided\n",
      "\n",
      "[>] SequenceData initialized successfully! Here's a summary:\n",
      "[>] Number of sequences: 10\n",
      "[>] Number of time points: 20\n",
      "[>] Min/Max sequence length: 20 / 20\n",
      "[>] States: ['1', '2']\n",
      "[>] Labels: ['1', '2']\n",
      "[>] Weights: Not provided\n",
      "\n",
      "[>] SequenceData initialized successfully! Here's a summary:\n",
      "[>] Number of sequences: 10\n",
      "[>] Number of time points: 20\n",
      "[>] Min/Max sequence length: 20 / 20\n",
      "[>] States: ['1', '2']\n",
      "[>] Labels: ['1', '2']\n",
      "[>] Weights: Not provided\n",
      "\n",
      "[>] SequenceData initialized successfully! Here's a summary:\n",
      "[>] Number of sequences: 10\n",
      "[>] Number of time points: 20\n",
      "[>] Min/Max sequence length: 20 / 20\n",
      "[>] States: ['1', '2']\n",
      "[>] Labels: ['1', '2']\n",
      "[>] Weights: Not provided\n",
      "\n",
      "[>] SequenceData initialized successfully! Here's a summary:\n",
      "[>] Number of sequences: 10\n",
      "[>] Number of time points: 20\n",
      "[>] Min/Max sequence length: 20 / 20\n",
      "[>] States: ['1', '2']\n",
      "[>] Labels: ['1', '2']\n",
      "[>] Weights: Not provided\n",
      "\n",
      "[>] SequenceData initialized successfully! Here's a summary:\n",
      "[>] Number of sequences: 10\n",
      "[>] Number of time points: 20\n",
      "[>] Min/Max sequence length: 20 / 20\n",
      "[>] States: ['1', '2']\n",
      "[>] Labels: ['1', '2']\n",
      "[>] Weights: Not provided\n",
      "\n",
      "[>] SequenceData initialized successfully! Here's a summary:\n",
      "[>] Number of sequences: 10\n",
      "[>] Number of time points: 20\n",
      "[>] Min/Max sequence length: 20 / 20\n",
      "[>] States: ['1', '2']\n",
      "[>] Labels: ['1', '2']\n",
      "[>] Weights: Not provided\n",
      "\n",
      "[>] SequenceData initialized successfully! Here's a summary:\n",
      "[>] Number of sequences: 10\n",
      "[>] Number of time points: 20\n",
      "[>] Min/Max sequence length: 20 / 20\n",
      "[>] States: ['1', '2']\n",
      "[>] Labels: ['1', '2']\n",
      "[>] Weights: Not provided\n",
      "\n",
      "[>] SequenceData initialized successfully! Here's a summary:\n",
      "[>] Number of sequences: 10\n",
      "[>] Number of time points: 20\n",
      "[>] Min/Max sequence length: 20 / 20\n",
      "[>] States: ['1', '2']\n",
      "[>] Labels: ['1', '2']\n",
      "[>] Weights: Not provided\n",
      "\n",
      "[>] SequenceData initialized successfully! Here's a summary:\n",
      "[>] Number of sequences: 10\n",
      "[>] Number of time points: 20\n",
      "[>] Min/Max sequence length: 20 / 20\n",
      "[>] States: ['1', '2']\n",
      "[>] Labels: ['1', '2']\n",
      "[>] Weights: Not provided\n",
      "\n",
      "[>] SequenceData initialized successfully! Here's a summary:\n",
      "[>] Number of sequences: 10\n",
      "[>] Number of time points: 20\n",
      "[>] Min/Max sequence length: 20 / 20\n",
      "[>] States: ['1', '2']\n",
      "[>] Labels: ['1', '2']\n",
      "[>] Weights: Not provided\n",
      "\n",
      "[>] SequenceData initialized successfully! Here's a summary:\n",
      "[>] Number of sequences: 10\n",
      "[>] Number of time points: 20\n",
      "[>] Min/Max sequence length: 20 / 20\n",
      "[>] States: ['1', '2']\n",
      "[>] Labels: ['1', '2']\n",
      "[>] Weights: Not provided\n",
      "\n",
      "[>] SequenceData initialized successfully! Here's a summary:\n",
      "[>] Number of sequences: 10\n",
      "[>] Number of time points: 20\n",
      "[>] Min/Max sequence length: 20 / 20\n",
      "[>] States: ['1', '2']\n",
      "[>] Labels: ['1', '2']\n",
      "[>] Weights: Not provided\n",
      "\n",
      "[>] SequenceData initialized successfully! Here's a summary:\n",
      "[>] Number of sequences: 10\n",
      "[>] Number of time points: 20\n",
      "[>] Min/Max sequence length: 20 / 20\n",
      "[>] States: ['1', '2']\n",
      "[>] Labels: ['1', '2']\n",
      "[>] Weights: Not provided\n",
      "\n",
      "[>] SequenceData initialized successfully! Here's a summary:\n",
      "[>] Number of sequences: 10\n",
      "[>] Number of time points: 20\n",
      "[>] Min/Max sequence length: 20 / 20\n",
      "[>] States: ['1', '2']\n",
      "[>] Labels: ['1', '2']\n",
      "[>] Weights: Not provided\n",
      "\n",
      "[>] SequenceData initialized successfully! Here's a summary:\n",
      "[>] Number of sequences: 10\n",
      "[>] Number of time points: 20\n",
      "[>] Min/Max sequence length: 20 / 20\n",
      "[>] States: ['1', '2']\n",
      "[>] Labels: ['1', '2']\n",
      "[>] Weights: Not provided\n",
      "\n",
      "[>] SequenceData initialized successfully! Here's a summary:\n",
      "[>] Number of sequences: 10\n",
      "[>] Number of time points: 20\n",
      "[>] Min/Max sequence length: 20 / 20\n",
      "[>] States: ['1', '2']\n",
      "[>] Labels: ['1', '2']\n",
      "[>] Weights: Not provided\n",
      "\n",
      "[>] SequenceData initialized successfully! Here's a summary:\n",
      "[>] Number of sequences: 10\n",
      "[>] Number of time points: 20\n",
      "[>] Min/Max sequence length: 20 / 20\n",
      "[>] States: ['1', '2']\n",
      "[>] Labels: ['1', '2']\n",
      "[>] Weights: Not provided\n",
      "\n",
      "[>] SequenceData initialized successfully! Here's a summary:\n",
      "[>] Number of sequences: 10\n",
      "[>] Number of time points: 20\n",
      "[>] Min/Max sequence length: 20 / 20\n",
      "[>] States: ['1', '2']\n",
      "[>] Labels: ['1', '2']\n",
      "[>] Weights: Not provided\n",
      "\n",
      "[>] SequenceData initialized successfully! Here's a summary:\n",
      "[>] Number of sequences: 10\n",
      "[>] Number of time points: 20\n",
      "[>] Min/Max sequence length: 20 / 20\n",
      "[>] States: ['1', '2']\n",
      "[>] Labels: ['1', '2']\n",
      "[>] Weights: Not provided\n",
      "\n",
      "[>] SequenceData initialized successfully! Here's a summary:\n",
      "[>] Number of sequences: 10\n",
      "[>] Number of time points: 20\n",
      "[>] Min/Max sequence length: 20 / 20\n",
      "[>] States: ['1', '2']\n",
      "[>] Labels: ['1', '2']\n",
      "[>] Weights: Not provided\n",
      "\n",
      "[>] SequenceData initialized successfully! Here's a summary:\n",
      "[>] Number of sequences: 10\n",
      "[>] Number of time points: 20\n",
      "[>] Min/Max sequence length: 20 / 20\n",
      "[>] States: ['1', '2']\n",
      "[>] Labels: ['1', '2']\n",
      "[>] Weights: Not provided\n",
      "\n",
      "[>] SequenceData initialized successfully! Here's a summary:\n",
      "[>] Number of sequences: 10\n",
      "[>] Number of time points: 20\n",
      "[>] Min/Max sequence length: 20 / 20\n",
      "[>] States: ['1', '2']\n",
      "[>] Labels: ['1', '2']\n",
      "[>] Weights: Not provided\n",
      "[SequenceData(10 sequences, States: ['1', '2']), SequenceData(10 sequences, States: ['1', '2']), SequenceData(10 sequences, States: ['1', '2']), SequenceData(10 sequences, States: ['1', '2']), SequenceData(10 sequences, States: ['1', '2']), SequenceData(10 sequences, States: ['1', '2']), SequenceData(10 sequences, States: ['1', '2']), SequenceData(10 sequences, States: ['1', '2']), SequenceData(10 sequences, States: ['1', '2']), SequenceData(10 sequences, States: ['1', '2']), SequenceData(10 sequences, States: ['1', '2']), SequenceData(10 sequences, States: ['1', '2']), SequenceData(10 sequences, States: ['1', '2']), SequenceData(10 sequences, States: ['1', '2']), SequenceData(10 sequences, States: ['1', '2']), SequenceData(10 sequences, States: ['1', '2']), SequenceData(10 sequences, States: ['1', '2']), SequenceData(10 sequences, States: ['1', '2']), SequenceData(10 sequences, States: ['1', '2']), SequenceData(10 sequences, States: ['1', '2']), SequenceData(10 sequences, States: ['1', '2']), SequenceData(10 sequences, States: ['1', '2']), SequenceData(10 sequences, States: ['1', '2']), SequenceData(10 sequences, States: ['1', '2']), SequenceData(10 sequences, States: ['1', '2']), SequenceData(10 sequences, States: ['1', '2']), SequenceData(10 sequences, States: ['1', '2']), SequenceData(10 sequences, States: ['1', '2']), SequenceData(10 sequences, States: ['1', '2']), SequenceData(10 sequences, States: ['1', '2']), SequenceData(10 sequences, States: ['1', '2']), SequenceData(10 sequences, States: ['1', '2']), SequenceData(10 sequences, States: ['1', '2']), SequenceData(10 sequences, States: ['1', '2']), SequenceData(10 sequences, States: ['1', '2']), SequenceData(10 sequences, States: ['1', '2']), SequenceData(10 sequences, States: ['1', '2']), SequenceData(10 sequences, States: ['1', '2']), SequenceData(10 sequences, States: ['1', '2']), SequenceData(10 sequences, States: ['1', '2']), SequenceData(10 sequences, States: ['1', '2']), SequenceData(10 sequences, States: ['1', '2']), SequenceData(10 sequences, States: ['1', '2']), SequenceData(10 sequences, States: ['1', '2']), SequenceData(10 sequences, States: ['1', '2']), SequenceData(10 sequences, States: ['1', '2']), SequenceData(10 sequences, States: ['1', '2']), SequenceData(10 sequences, States: ['1', '2']), SequenceData(10 sequences, States: ['1', '2']), SequenceData(10 sequences, States: ['1', '2'])]\n",
      "[>] 50 domains with 10 sequences.\n",
      "[>] Building MD sequences of combined states.\n",
      "  - OK.\n",
      "[>] Computing substitution cost matrix for domain 0.\n",
      "[>] Computing substitution cost matrix for domain 1.\n",
      "[>] Computing substitution cost matrix for domain 2.\n",
      "[>] Computing substitution cost matrix for domain 3.\n",
      "[>] Computing substitution cost matrix for domain 4.\n",
      "[>] Computing substitution cost matrix for domain 5.\n",
      "[>] Computing substitution cost matrix for domain 6.\n",
      "[>] Computing substitution cost matrix for domain 7.\n",
      "[>] Computing substitution cost matrix for domain 8.\n",
      "[>] Computing substitution cost matrix for domain 9.\n",
      "[>] Computing substitution cost matrix for domain 10.\n",
      "[>] Computing substitution cost matrix for domain 11.\n",
      "[>] Computing substitution cost matrix for domain 12.\n",
      "[>] Computing substitution cost matrix for domain 13.\n",
      "[>] Computing substitution cost matrix for domain 14.\n",
      "[>] Computing substitution cost matrix for domain 15.\n",
      "[>] Computing substitution cost matrix for domain 16.\n",
      "[>] Computing substitution cost matrix for domain 17.\n",
      "[>] Computing substitution cost matrix for domain 18.\n",
      "[>] Computing substitution cost matrix for domain 19.\n",
      "[>] Computing substitution cost matrix for domain 20.\n",
      "[>] Computing substitution cost matrix for domain 21.\n",
      "[>] Computing substitution cost matrix for domain 22.\n",
      "[>] Computing substitution cost matrix for domain 23.\n",
      "[>] Computing substitution cost matrix for domain 24.\n",
      "[>] Computing substitution cost matrix for domain 25.\n",
      "[>] Computing substitution cost matrix for domain 26.\n",
      "[>] Computing substitution cost matrix for domain 27.\n",
      "[>] Computing substitution cost matrix for domain 28.\n",
      "[>] Computing substitution cost matrix for domain 29.\n",
      "[>] Computing substitution cost matrix for domain 30.\n",
      "[>] Computing substitution cost matrix for domain 31.\n",
      "[>] Computing substitution cost matrix for domain 32.\n",
      "[>] Computing substitution cost matrix for domain 33.\n",
      "[>] Computing substitution cost matrix for domain 34.\n",
      "[>] Computing substitution cost matrix for domain 35.\n",
      "[>] Computing substitution cost matrix for domain 36.\n",
      "[>] Computing substitution cost matrix for domain 37.\n",
      "[>] Computing substitution cost matrix for domain 38.\n",
      "[>] Computing substitution cost matrix for domain 39.\n",
      "[>] Computing substitution cost matrix for domain 40.\n",
      "[>] Computing substitution cost matrix for domain 41.\n",
      "[>] Computing substitution cost matrix for domain 42.\n",
      "[>] Computing substitution cost matrix for domain 43.\n",
      "[>] Computing substitution cost matrix for domain 44.\n",
      "[>] Computing substitution cost matrix for domain 45.\n",
      "[>] Computing substitution cost matrix for domain 46.\n",
      "[>] Computing substitution cost matrix for domain 47.\n",
      "[>] Computing substitution cost matrix for domain 48.\n",
      "[>] Computing substitution cost matrix for domain 49.\n",
      "[>] Computing MD substitution and indel costs with additive trick.\n",
      "  - OK.\n",
      "[>] Computing MD distances using additive trick.\n",
      "  - OK.\n"
     ]
    }
   ],
   "source": [
    "N = 10                          \n",
    "V = 50\n",
    "C_list = [2] * V  \n",
    "T = sequences_mv[0].shape[0]\n",
    "time_cols = [str(t) for t in range(1, T + 1)]\n",
    "N_use = min(N, len(sequences_mv))\n",
    "\n",
    "ids = list(range(N_use))\n",
    "\n",
    "channels_seq = []\n",
    "for v in range(V):\n",
    "    mat = np.stack([sequences_mv[i][:, v] for i in range(N_use)], axis=0).astype(int) + 1\n",
    "    df_v = pd.DataFrame(mat, columns=time_cols)\n",
    "    df_v.insert(0, \"ID\", ids)\n",
    "    df_v[time_cols] = df_v[time_cols].astype(str)  # \"1\"/\"2\"\n",
    "    seq_v = SequenceData(\n",
    "        data=df_v,\n",
    "        time=time_cols,\n",
    "        states=[\"1\", \"2\"],\n",
    "        id_col=\"ID\",\n",
    "    )\n",
    "    channels_seq.append(seq_v)\n",
    "\n",
    "print(channels_seq)\n",
    "\n",
    "result_cat = compute_cat_distance_matrix(\n",
    "    channels=channels_seq,\n",
    "    method=\"OM\",\n",
    "    sm=[\"TRATE\"] * V,          \n",
    "    indel=\"auto\",              \n",
    "    link=\"sum\",                \n",
    "    norm=\"none\",               \n",
    "    full_matrix=True,\n",
    "    what=\"diss\",\n",
    "    cweight=[1.0] * V,\n",
    "    with_missing=[False] * V,  \n",
    "    ch_sep=\"+\"\n",
    ")\n",
    "D_sequenzo = result_cat.to_numpy() if hasattr(result_cat, \"to_numpy\") else np.asarray(result_cat)"
   ]
  },
  {
   "cell_type": "code",
   "execution_count": 3,
   "id": "ad10962b",
   "metadata": {
    "ExecuteTime": {
     "end_time": "2025-12-04T12:50:42.645216Z",
     "start_time": "2025-12-04T12:50:42.642255Z"
    }
   },
   "outputs": [
    {
     "name": "stdout",
     "output_type": "stream",
     "text": [
      "[[  0.         536.76840252 542.12020336 555.64576295 530.41348217\n",
      "  560.88439283 531.50792389 551.68618196 506.27587748 558.57655325]\n",
      " [536.76840252   0.         564.78652633 546.38774323 532.95017967\n",
      "  561.27664941 552.91594381 543.95558138 512.06368322 560.37486052]\n",
      " [542.12020336 564.78652633   0.         536.41300674 533.80730971\n",
      "  526.39038469 545.71292554 525.61626625 522.78419994 551.3408659 ]\n",
      " [555.64576295 546.38774323 536.41300674   0.         534.33063364\n",
      "  555.76066091 553.47085318 554.32114918 464.07280762 550.55135416]\n",
      " [530.41348217 532.95017967 533.80730971 534.33063364   0.\n",
      "  540.08607202 508.25765755 537.94943189 532.4541857  538.50027668]\n",
      " [560.88439283 561.27664941 526.39038469 555.76066091 540.08607202\n",
      "    0.         533.6277659  559.0869077  537.03650881 537.10361707]\n",
      " [531.50792389 552.91594381 545.71292554 553.47085318 508.25765755\n",
      "  533.6277659    0.         555.13616526 513.56805646 541.98970783]\n",
      " [551.68618196 543.95558138 525.61626625 554.32114918 537.94943189\n",
      "  559.0869077  555.13616526   0.         533.76663829 556.55044815]\n",
      " [506.27587748 512.06368322 522.78419994 464.07280762 532.4541857\n",
      "  537.03650881 513.56805646 533.76663829   0.         526.42145018]\n",
      " [558.57655325 560.37486052 551.3408659  550.55135416 538.50027668\n",
      "  537.10361707 541.98970783 556.55044815 526.42145018   0.        ]]\n",
      "\n",
      "\n",
      "[[  0.         551.438464   590.7011487  558.23320021 569.50106608\n",
      "  523.98719994 597.83316371 552.43455992 545.32027421 588.18970496]\n",
      " [551.438464     0.         563.99885467 479.81157105 565.7535393\n",
      "  570.25897148 568.55825371 558.1578998  508.94951632 589.03445094]\n",
      " [590.7011487  563.99885467   0.         540.75665436 591.88421763\n",
      "  569.41351047 568.18946827 551.76331639 537.47650411 569.35206041]\n",
      " [558.23320021 479.81157105 540.75665436   0.         568.69462841\n",
      "  553.26117698 577.60373211 565.74508872 481.45051188 549.96750797]\n",
      " [569.50106608 565.7535393  591.88421763 568.69462841   0.\n",
      "  472.57457624 550.19533146 598.56026128 582.9601302  542.81149401]\n",
      " [523.98719994 570.25897148 569.41351047 553.26117698 472.57457624\n",
      "    0.         557.13888219 578.74768414 563.05138514 561.39741823]\n",
      " [597.83316371 568.55825371 568.18946827 577.60373211 550.19533146\n",
      "  557.13888219   0.         606.49532806 548.92176249 538.15183142]\n",
      " [552.43455992 558.1578998  551.76331639 565.74508872 598.56026128\n",
      "  578.74768414 606.49532806   0.         559.57758431 555.70643387]\n",
      " [545.32027421 508.94951632 537.47650411 481.45051188 582.9601302\n",
      "  563.05138514 548.92176249 559.57758431   0.         560.80899618]\n",
      " [588.18970496 589.03445094 569.35206041 549.96750797 542.81149401\n",
      "  561.39741823 538.15183142 555.70643387 560.80899618   0.        ]]\n"
     ]
    }
   ],
   "source": [
    "print(D_sequenzo)\n",
    "print(\"\\n\")\n",
    "\n",
    "# Load D_traminer before printing using custom unpickler for NumPy 2.x compatibility\n",
    "with open(\"dist_om_traminer.pkl\", \"rb\") as f:\n",
    "    unpickler = NumpyCompatibilityUnpickler(f)\n",
    "    D_traminer = unpickler.load()\n",
    "\n",
    "print(D_traminer)"
   ]
  },
  {
   "cell_type": "code",
   "execution_count": 4,
   "id": "8a1359b0",
   "metadata": {
    "ExecuteTime": {
     "end_time": "2025-12-04T12:50:42.654535Z",
     "start_time": "2025-12-04T12:50:42.651815Z"
    }
   },
   "outputs": [
    {
     "name": "stdout",
     "output_type": "stream",
     "text": [
      "[corr] Pearson correlation between Sequenzo and Traminer = 0.392804\n"
     ]
    }
   ],
   "source": [
    "with open(\"dist_om_traminer.pkl\", \"rb\") as f : \n",
    "    unpickler = NumpyCompatibilityUnpickler(f)\n",
    "    D_traminer = unpickler.load()\n",
    "    \n",
    "def upper_triangle_flat(M):\n",
    "    \"\"\"Retourne les valeurs du triangle supérieur strict sous forme 1D.\"\"\"\n",
    "    return M[np.triu_indices_from(M, k=1)]\n",
    "\n",
    "v1 = upper_triangle_flat(D_sequenzo)\n",
    "v2 = upper_triangle_flat(D_traminer)\n",
    "\n",
    "\n",
    "corr = np.corrcoef(v1, v2)[0, 1]\n",
    "\n",
    "print(f\"[corr] Pearson correlation between Sequenzo and Traminer = {corr:.6f}\")"
   ]
  },
  {
   "cell_type": "code",
   "execution_count": null,
   "id": "56fcc3fa",
   "metadata": {
    "ExecuteTime": {
     "end_time": "2025-12-04T12:50:42.662277Z",
     "start_time": "2025-12-04T12:50:42.661087Z"
    }
   },
   "outputs": [],
   "source": []
  }
 ],
 "metadata": {
  "kernelspec": {
   "display_name": "python310",
   "language": "python",
   "name": "python3"
  },
  "language_info": {
   "codemirror_mode": {
    "name": "ipython",
    "version": 3
   },
   "file_extension": ".py",
   "mimetype": "text/x-python",
   "name": "python",
   "nbconvert_exporter": "python",
   "pygments_lexer": "ipython3",
   "version": "3.10.14"
  }
 },
 "nbformat": 4,
 "nbformat_minor": 5
}
