{
 "cells": [
  {
   "cell_type": "code",
   "id": "73603ced",
   "metadata": {
    "ExecuteTime": {
     "end_time": "2026-01-05T10:47:05.224097Z",
     "start_time": "2026-01-05T10:47:04.212517Z"
    }
   },
   "source": [
    "import numpy as np\n",
    "import pickle\n",
    "import sys\n",
    "\n",
    "# Fix for NumPy 2.x compatibility with pickle files created with NumPy 1.x\n",
    "# NumPy 2.0+ renamed numpy.core to numpy._core, but pickle files may reference numpy._core\n",
    "# We need to create a custom unpickler that redirects numpy._core references to numpy.core\n",
    "\n",
    "class NumpyCompatibilityUnpickler(pickle.Unpickler):\n",
    "    \"\"\"Custom unpickler that fixes numpy._core module references for NumPy 2.x compatibility\"\"\"\n",
    "    def find_class(self, module, name):\n",
    "        # Redirect numpy._core.* references to numpy.core.*\n",
    "        if module.startswith('numpy._core'):\n",
    "            module = module.replace('numpy._core', 'numpy.core')\n",
    "        \n",
    "        # Ensure numpy.core modules are accessible\n",
    "        if module == 'numpy.core.multiarray':\n",
    "            import numpy.core.multiarray\n",
    "            return getattr(numpy.core.multiarray, name)\n",
    "        elif module == 'numpy.core._multiarray_umath':\n",
    "            import numpy.core._multiarray_umath\n",
    "            return getattr(numpy.core._multiarray_umath, name)\n",
    "        \n",
    "        return super().find_class(module, name)\n",
    "\n",
    "from sequenzo.define_sequence_data import SequenceData\n",
    "from sequenzo.multidomain.cat import compute_cat_distance_matrix\n",
    "import pandas as pd \n",
    "\n",
    "# Load pickle file using custom unpickler for NumPy 2.x compatibility\n",
    "with open(\"dataset.pkl\", \"rb\") as f:\n",
    "    unpickler = NumpyCompatibilityUnpickler(f)\n",
    "    data = unpickler.load()\n",
    "\n",
    "sequences_mv = data[\"X\"]"
   ],
   "outputs": [],
   "execution_count": 1
  },
  {
   "cell_type": "code",
   "id": "d11d4ba3",
   "metadata": {
    "ExecuteTime": {
     "end_time": "2026-01-05T10:47:07.492621Z",
     "start_time": "2026-01-05T10:47:07.486181Z"
    }
   },
   "source": [
    "sequences_mv"
   ],
   "outputs": [
    {
     "data": {
      "text/plain": [
       "array([[[0, 1, 1, ..., 1, 0, 0],\n",
       "        [0, 0, 0, ..., 1, 1, 1],\n",
       "        [0, 1, 1, ..., 0, 0, 1],\n",
       "        ...,\n",
       "        [1, 0, 1, ..., 1, 0, 0],\n",
       "        [0, 1, 1, ..., 1, 1, 0],\n",
       "        [1, 0, 1, ..., 1, 0, 0]],\n",
       "\n",
       "       [[0, 1, 0, ..., 1, 0, 1],\n",
       "        [0, 1, 1, ..., 1, 0, 1],\n",
       "        [0, 1, 1, ..., 0, 0, 1],\n",
       "        ...,\n",
       "        [0, 0, 1, ..., 1, 0, 0],\n",
       "        [1, 0, 0, ..., 1, 0, 0],\n",
       "        [1, 0, 1, ..., 0, 0, 1]],\n",
       "\n",
       "       [[1, 1, 1, ..., 1, 1, 1],\n",
       "        [1, 1, 1, ..., 1, 0, 1],\n",
       "        [0, 1, 1, ..., 0, 1, 0],\n",
       "        ...,\n",
       "        [1, 1, 0, ..., 0, 0, 1],\n",
       "        [1, 1, 1, ..., 1, 0, 1],\n",
       "        [0, 1, 0, ..., 1, 1, 0]],\n",
       "\n",
       "       ...,\n",
       "\n",
       "       [[0, 1, 1, ..., 0, 1, 0],\n",
       "        [0, 1, 1, ..., 1, 0, 0],\n",
       "        [0, 1, 0, ..., 1, 0, 1],\n",
       "        ...,\n",
       "        [0, 0, 0, ..., 1, 0, 0],\n",
       "        [0, 0, 0, ..., 1, 0, 1],\n",
       "        [0, 0, 1, ..., 0, 1, 1]],\n",
       "\n",
       "       [[0, 0, 0, ..., 1, 1, 1],\n",
       "        [0, 1, 0, ..., 1, 1, 0],\n",
       "        [1, 1, 1, ..., 1, 1, 1],\n",
       "        ...,\n",
       "        [1, 1, 0, ..., 1, 1, 0],\n",
       "        [1, 0, 0, ..., 1, 1, 0],\n",
       "        [0, 1, 1, ..., 0, 0, 1]],\n",
       "\n",
       "       [[0, 1, 1, ..., 0, 1, 1],\n",
       "        [0, 0, 1, ..., 0, 1, 0],\n",
       "        [1, 0, 1, ..., 0, 1, 1],\n",
       "        ...,\n",
       "        [0, 0, 0, ..., 1, 1, 1],\n",
       "        [0, 0, 0, ..., 0, 1, 1],\n",
       "        [0, 0, 0, ..., 0, 0, 1]]])"
      ]
     },
     "execution_count": 2,
     "metadata": {},
     "output_type": "execute_result"
    }
   ],
   "execution_count": 2
  },
  {
   "cell_type": "code",
   "id": "2e715fa5",
   "metadata": {
    "ExecuteTime": {
     "end_time": "2026-01-05T10:47:12.740266Z",
     "start_time": "2026-01-05T10:47:08.911776Z"
    }
   },
   "source": [
    "N = 10                          \n",
    "V = 50\n",
    "C_list = [2] * V  \n",
    "T = sequences_mv[0].shape[0]\n",
    "time_cols = [str(t) for t in range(1, T + 1)]\n",
    "N_use = min(N, len(sequences_mv))\n",
    "\n",
    "ids = list(range(N_use))\n",
    "\n",
    "channels_seq = []\n",
    "for v in range(V):\n",
    "    mat = np.stack([sequences_mv[i][:, v] for i in range(N_use)], axis=0).astype(int) + 1\n",
    "    df_v = pd.DataFrame(mat, columns=time_cols)\n",
    "    df_v.insert(0, \"ID\", ids)\n",
    "    df_v[time_cols] = df_v[time_cols].astype(str)  # \"1\"/\"2\"\n",
    "    seq_v = SequenceData(\n",
    "        data=df_v,\n",
    "        time=time_cols,\n",
    "        states=[\"1\", \"2\"],\n",
    "        id_col=\"ID\",\n",
    "    )\n",
    "    channels_seq.append(seq_v)\n",
    "\n",
    "print(channels_seq)\n",
    "\n",
    "result_cat = compute_cat_distance_matrix(\n",
    "    channels=channels_seq,\n",
    "    method=\"OM\",\n",
    "    sm=[\"TRATE\"] * V,          \n",
    "    indel=\"auto\",              \n",
    "    link=\"sum\",                \n",
    "    norm=\"none\",               \n",
    "    full_matrix=True,\n",
    "    what=\"diss\",\n",
    "    cweight=[1.0] * V,\n",
    "    with_missing=[False] * V,  \n",
    "    ch_sep=\"+\"\n",
    ")\n",
    "D_sequenzo = result_cat.to_numpy() if hasattr(result_cat, \"to_numpy\") else np.asarray(result_cat)"
   ],
   "outputs": [
    {
     "name": "stdout",
     "output_type": "stream",
     "text": [
      "\n",
      "[>] SequenceData initialized successfully! Here's a summary:\n",
      "[>] Number of sequences: 10\n",
      "[>] Number of time points: 20\n",
      "[>] Min/Max sequence length: 20 / 20\n",
      "[>] States: ['1', '2']\n",
      "[>] Labels: ['1', '2']\n",
      "[>] Weights: Not provided\n",
      "\n",
      "[>] SequenceData initialized successfully! Here's a summary:\n",
      "[>] Number of sequences: 10\n",
      "[>] Number of time points: 20\n",
      "[>] Min/Max sequence length: 20 / 20\n",
      "[>] States: ['1', '2']\n",
      "[>] Labels: ['1', '2']\n",
      "[>] Weights: Not provided\n",
      "\n",
      "[>] SequenceData initialized successfully! Here's a summary:\n",
      "[>] Number of sequences: 10\n",
      "[>] Number of time points: 20\n",
      "[>] Min/Max sequence length: 20 / 20\n",
      "[>] States: ['1', '2']\n",
      "[>] Labels: ['1', '2']\n",
      "[>] Weights: Not provided\n",
      "\n",
      "[>] SequenceData initialized successfully! Here's a summary:\n",
      "[>] Number of sequences: 10\n",
      "[>] Number of time points: 20\n",
      "[>] Min/Max sequence length: 20 / 20\n",
      "[>] States: ['1', '2']\n",
      "[>] Labels: ['1', '2']\n",
      "[>] Weights: Not provided\n",
      "\n",
      "[>] SequenceData initialized successfully! Here's a summary:\n",
      "[>] Number of sequences: 10\n",
      "[>] Number of time points: 20\n",
      "[>] Min/Max sequence length: 20 / 20\n",
      "[>] States: ['1', '2']\n",
      "[>] Labels: ['1', '2']\n",
      "[>] Weights: Not provided\n",
      "\n",
      "[>] SequenceData initialized successfully! Here's a summary:\n",
      "[>] Number of sequences: 10\n",
      "[>] Number of time points: 20\n",
      "[>] Min/Max sequence length: 20 / 20\n",
      "[>] States: ['1', '2']\n",
      "[>] Labels: ['1', '2']\n",
      "[>] Weights: Not provided\n",
      "\n",
      "[>] SequenceData initialized successfully! Here's a summary:\n",
      "[>] Number of sequences: 10\n",
      "[>] Number of time points: 20\n",
      "[>] Min/Max sequence length: 20 / 20\n",
      "[>] States: ['1', '2']\n",
      "[>] Labels: ['1', '2']\n",
      "[>] Weights: Not provided\n",
      "\n",
      "[>] SequenceData initialized successfully! Here's a summary:\n",
      "[>] Number of sequences: 10\n",
      "[>] Number of time points: 20\n",
      "[>] Min/Max sequence length: 20 / 20\n",
      "[>] States: ['1', '2']\n",
      "[>] Labels: ['1', '2']\n",
      "[>] Weights: Not provided\n",
      "\n",
      "[>] SequenceData initialized successfully! Here's a summary:\n",
      "[>] Number of sequences: 10\n",
      "[>] Number of time points: 20\n",
      "[>] Min/Max sequence length: 20 / 20\n",
      "[>] States: ['1', '2']\n",
      "[>] Labels: ['1', '2']\n",
      "[>] Weights: Not provided\n",
      "\n",
      "[>] SequenceData initialized successfully! Here's a summary:\n",
      "[>] Number of sequences: 10\n",
      "[>] Number of time points: 20\n",
      "[>] Min/Max sequence length: 20 / 20\n",
      "[>] States: ['1', '2']\n",
      "[>] Labels: ['1', '2']\n",
      "[>] Weights: Not provided\n",
      "\n",
      "[>] SequenceData initialized successfully! Here's a summary:\n",
      "[>] Number of sequences: 10\n",
      "[>] Number of time points: 20\n",
      "[>] Min/Max sequence length: 20 / 20\n",
      "[>] States: ['1', '2']\n",
      "[>] Labels: ['1', '2']\n",
      "[>] Weights: Not provided\n",
      "\n",
      "[>] SequenceData initialized successfully! Here's a summary:\n",
      "[>] Number of sequences: 10\n",
      "[>] Number of time points: 20\n",
      "[>] Min/Max sequence length: 20 / 20\n",
      "[>] States: ['1', '2']\n",
      "[>] Labels: ['1', '2']\n",
      "[>] Weights: Not provided\n",
      "\n",
      "[>] SequenceData initialized successfully! Here's a summary:\n",
      "[>] Number of sequences: 10\n",
      "[>] Number of time points: 20\n",
      "[>] Min/Max sequence length: 20 / 20\n",
      "[>] States: ['1', '2']\n",
      "[>] Labels: ['1', '2']\n",
      "[>] Weights: Not provided\n",
      "\n",
      "[>] SequenceData initialized successfully! Here's a summary:\n",
      "[>] Number of sequences: 10\n",
      "[>] Number of time points: 20\n",
      "[>] Min/Max sequence length: 20 / 20\n",
      "[>] States: ['1', '2']\n",
      "[>] Labels: ['1', '2']\n",
      "[>] Weights: Not provided\n",
      "\n",
      "[>] SequenceData initialized successfully! Here's a summary:\n",
      "[>] Number of sequences: 10\n",
      "[>] Number of time points: 20\n",
      "[>] Min/Max sequence length: 20 / 20\n",
      "[>] States: ['1', '2']\n",
      "[>] Labels: ['1', '2']\n",
      "[>] Weights: Not provided\n",
      "\n",
      "[>] SequenceData initialized successfully! Here's a summary:\n",
      "[>] Number of sequences: 10\n",
      "[>] Number of time points: 20\n",
      "[>] Min/Max sequence length: 20 / 20\n",
      "[>] States: ['1', '2']\n",
      "[>] Labels: ['1', '2']\n",
      "[>] Weights: Not provided\n",
      "\n",
      "[>] SequenceData initialized successfully! Here's a summary:\n",
      "[>] Number of sequences: 10\n",
      "[>] Number of time points: 20\n",
      "[>] Min/Max sequence length: 20 / 20\n",
      "[>] States: ['1', '2']\n",
      "[>] Labels: ['1', '2']\n",
      "[>] Weights: Not provided\n",
      "\n",
      "[>] SequenceData initialized successfully! Here's a summary:\n",
      "[>] Number of sequences: 10\n",
      "[>] Number of time points: 20\n",
      "[>] Min/Max sequence length: 20 / 20\n",
      "[>] States: ['1', '2']\n",
      "[>] Labels: ['1', '2']\n",
      "[>] Weights: Not provided\n",
      "\n",
      "[>] SequenceData initialized successfully! Here's a summary:\n",
      "[>] Number of sequences: 10\n",
      "[>] Number of time points: 20\n",
      "[>] Min/Max sequence length: 20 / 20\n",
      "[>] States: ['1', '2']\n",
      "[>] Labels: ['1', '2']\n",
      "[>] Weights: Not provided\n",
      "\n",
      "[>] SequenceData initialized successfully! Here's a summary:\n",
      "[>] Number of sequences: 10\n",
      "[>] Number of time points: 20\n",
      "[>] Min/Max sequence length: 20 / 20\n",
      "[>] States: ['1', '2']\n",
      "[>] Labels: ['1', '2']\n",
      "[>] Weights: Not provided\n",
      "\n",
      "[>] SequenceData initialized successfully! Here's a summary:\n",
      "[>] Number of sequences: 10\n",
      "[>] Number of time points: 20\n",
      "[>] Min/Max sequence length: 20 / 20\n",
      "[>] States: ['1', '2']\n",
      "[>] Labels: ['1', '2']\n",
      "[>] Weights: Not provided\n",
      "\n",
      "[>] SequenceData initialized successfully! Here's a summary:\n",
      "[>] Number of sequences: 10\n",
      "[>] Number of time points: 20\n",
      "[>] Min/Max sequence length: 20 / 20\n",
      "[>] States: ['1', '2']\n",
      "[>] Labels: ['1', '2']\n",
      "[>] Weights: Not provided\n",
      "\n",
      "[>] SequenceData initialized successfully! Here's a summary:\n",
      "[>] Number of sequences: 10\n",
      "[>] Number of time points: 20\n",
      "[>] Min/Max sequence length: 20 / 20\n",
      "[>] States: ['1', '2']\n",
      "[>] Labels: ['1', '2']\n",
      "[>] Weights: Not provided\n",
      "\n",
      "[>] SequenceData initialized successfully! Here's a summary:\n",
      "[>] Number of sequences: 10\n",
      "[>] Number of time points: 20\n",
      "[>] Min/Max sequence length: 20 / 20\n",
      "[>] States: ['1', '2']\n",
      "[>] Labels: ['1', '2']\n",
      "[>] Weights: Not provided\n",
      "\n",
      "[>] SequenceData initialized successfully! Here's a summary:\n",
      "[>] Number of sequences: 10\n",
      "[>] Number of time points: 20\n",
      "[>] Min/Max sequence length: 20 / 20\n",
      "[>] States: ['1', '2']\n",
      "[>] Labels: ['1', '2']\n",
      "[>] Weights: Not provided\n",
      "\n",
      "[>] SequenceData initialized successfully! Here's a summary:\n",
      "[>] Number of sequences: 10\n",
      "[>] Number of time points: 20\n",
      "[>] Min/Max sequence length: 20 / 20\n",
      "[>] States: ['1', '2']\n",
      "[>] Labels: ['1', '2']\n",
      "[>] Weights: Not provided\n",
      "\n",
      "[>] SequenceData initialized successfully! Here's a summary:\n",
      "[>] Number of sequences: 10\n",
      "[>] Number of time points: 20\n",
      "[>] Min/Max sequence length: 20 / 20\n",
      "[>] States: ['1', '2']\n",
      "[>] Labels: ['1', '2']\n",
      "[>] Weights: Not provided\n",
      "\n",
      "[>] SequenceData initialized successfully! Here's a summary:\n",
      "[>] Number of sequences: 10\n",
      "[>] Number of time points: 20\n",
      "[>] Min/Max sequence length: 20 / 20\n",
      "[>] States: ['1', '2']\n",
      "[>] Labels: ['1', '2']\n",
      "[>] Weights: Not provided\n",
      "\n",
      "[>] SequenceData initialized successfully! Here's a summary:\n",
      "[>] Number of sequences: 10\n",
      "[>] Number of time points: 20\n",
      "[>] Min/Max sequence length: 20 / 20\n",
      "[>] States: ['1', '2']\n",
      "[>] Labels: ['1', '2']\n",
      "[>] Weights: Not provided\n",
      "\n",
      "[>] SequenceData initialized successfully! Here's a summary:\n",
      "[>] Number of sequences: 10\n",
      "[>] Number of time points: 20\n",
      "[>] Min/Max sequence length: 20 / 20\n",
      "[>] States: ['1', '2']\n",
      "[>] Labels: ['1', '2']\n",
      "[>] Weights: Not provided\n",
      "\n",
      "[>] SequenceData initialized successfully! Here's a summary:\n",
      "[>] Number of sequences: 10\n",
      "[>] Number of time points: 20\n",
      "[>] Min/Max sequence length: 20 / 20\n",
      "[>] States: ['1', '2']\n",
      "[>] Labels: ['1', '2']\n",
      "[>] Weights: Not provided\n",
      "\n",
      "[>] SequenceData initialized successfully! Here's a summary:\n",
      "[>] Number of sequences: 10\n",
      "[>] Number of time points: 20\n",
      "[>] Min/Max sequence length: 20 / 20\n",
      "[>] States: ['1', '2']\n",
      "[>] Labels: ['1', '2']\n",
      "[>] Weights: Not provided\n",
      "\n",
      "[>] SequenceData initialized successfully! Here's a summary:\n",
      "[>] Number of sequences: 10\n",
      "[>] Number of time points: 20\n",
      "[>] Min/Max sequence length: 20 / 20\n",
      "[>] States: ['1', '2']\n",
      "[>] Labels: ['1', '2']\n",
      "[>] Weights: Not provided\n",
      "\n",
      "[>] SequenceData initialized successfully! Here's a summary:\n",
      "[>] Number of sequences: 10\n",
      "[>] Number of time points: 20\n",
      "[>] Min/Max sequence length: 20 / 20\n",
      "[>] States: ['1', '2']\n",
      "[>] Labels: ['1', '2']\n",
      "[>] Weights: Not provided\n",
      "\n",
      "[>] SequenceData initialized successfully! Here's a summary:\n",
      "[>] Number of sequences: 10\n",
      "[>] Number of time points: 20\n",
      "[>] Min/Max sequence length: 20 / 20\n",
      "[>] States: ['1', '2']\n",
      "[>] Labels: ['1', '2']\n",
      "[>] Weights: Not provided\n",
      "\n",
      "[>] SequenceData initialized successfully! Here's a summary:\n",
      "[>] Number of sequences: 10\n",
      "[>] Number of time points: 20\n",
      "[>] Min/Max sequence length: 20 / 20\n",
      "[>] States: ['1', '2']\n",
      "[>] Labels: ['1', '2']\n",
      "[>] Weights: Not provided\n",
      "\n",
      "[>] SequenceData initialized successfully! Here's a summary:\n",
      "[>] Number of sequences: 10\n",
      "[>] Number of time points: 20\n",
      "[>] Min/Max sequence length: 20 / 20\n",
      "[>] States: ['1', '2']\n",
      "[>] Labels: ['1', '2']\n",
      "[>] Weights: Not provided\n",
      "\n",
      "[>] SequenceData initialized successfully! Here's a summary:\n",
      "[>] Number of sequences: 10\n",
      "[>] Number of time points: 20\n",
      "[>] Min/Max sequence length: 20 / 20\n",
      "[>] States: ['1', '2']\n",
      "[>] Labels: ['1', '2']\n",
      "[>] Weights: Not provided\n",
      "\n",
      "[>] SequenceData initialized successfully! Here's a summary:\n",
      "[>] Number of sequences: 10\n",
      "[>] Number of time points: 20\n",
      "[>] Min/Max sequence length: 20 / 20\n",
      "[>] States: ['1', '2']\n",
      "[>] Labels: ['1', '2']\n",
      "[>] Weights: Not provided\n",
      "\n",
      "[>] SequenceData initialized successfully! Here's a summary:\n",
      "[>] Number of sequences: 10\n",
      "[>] Number of time points: 20\n",
      "[>] Min/Max sequence length: 20 / 20\n",
      "[>] States: ['1', '2']\n",
      "[>] Labels: ['1', '2']\n",
      "[>] Weights: Not provided\n",
      "\n",
      "[>] SequenceData initialized successfully! Here's a summary:\n",
      "[>] Number of sequences: 10\n",
      "[>] Number of time points: 20\n",
      "[>] Min/Max sequence length: 20 / 20\n",
      "[>] States: ['1', '2']\n",
      "[>] Labels: ['1', '2']\n",
      "[>] Weights: Not provided\n",
      "\n",
      "[>] SequenceData initialized successfully! Here's a summary:\n",
      "[>] Number of sequences: 10\n",
      "[>] Number of time points: 20\n",
      "[>] Min/Max sequence length: 20 / 20\n",
      "[>] States: ['1', '2']\n",
      "[>] Labels: ['1', '2']\n",
      "[>] Weights: Not provided\n",
      "\n",
      "[>] SequenceData initialized successfully! Here's a summary:\n",
      "[>] Number of sequences: 10\n",
      "[>] Number of time points: 20\n",
      "[>] Min/Max sequence length: 20 / 20\n",
      "[>] States: ['1', '2']\n",
      "[>] Labels: ['1', '2']\n",
      "[>] Weights: Not provided\n",
      "\n",
      "[>] SequenceData initialized successfully! Here's a summary:\n",
      "[>] Number of sequences: 10\n",
      "[>] Number of time points: 20\n",
      "[>] Min/Max sequence length: 20 / 20\n",
      "[>] States: ['1', '2']\n",
      "[>] Labels: ['1', '2']\n",
      "[>] Weights: Not provided\n",
      "\n",
      "[>] SequenceData initialized successfully! Here's a summary:\n",
      "[>] Number of sequences: 10\n",
      "[>] Number of time points: 20\n",
      "[>] Min/Max sequence length: 20 / 20\n",
      "[>] States: ['1', '2']\n",
      "[>] Labels: ['1', '2']\n",
      "[>] Weights: Not provided\n",
      "\n",
      "[>] SequenceData initialized successfully! Here's a summary:\n",
      "[>] Number of sequences: 10\n",
      "[>] Number of time points: 20\n",
      "[>] Min/Max sequence length: 20 / 20\n",
      "[>] States: ['1', '2']\n",
      "[>] Labels: ['1', '2']\n",
      "[>] Weights: Not provided\n",
      "\n",
      "[>] SequenceData initialized successfully! Here's a summary:\n",
      "[>] Number of sequences: 10\n",
      "[>] Number of time points: 20\n",
      "[>] Min/Max sequence length: 20 / 20\n",
      "[>] States: ['1', '2']\n",
      "[>] Labels: ['1', '2']\n",
      "[>] Weights: Not provided\n",
      "\n",
      "[>] SequenceData initialized successfully! Here's a summary:\n",
      "[>] Number of sequences: 10\n",
      "[>] Number of time points: 20\n",
      "[>] Min/Max sequence length: 20 / 20\n",
      "[>] States: ['1', '2']\n",
      "[>] Labels: ['1', '2']\n",
      "[>] Weights: Not provided\n",
      "\n",
      "[>] SequenceData initialized successfully! Here's a summary:\n",
      "[>] Number of sequences: 10\n",
      "[>] Number of time points: 20\n",
      "[>] Min/Max sequence length: 20 / 20\n",
      "[>] States: ['1', '2']\n",
      "[>] Labels: ['1', '2']\n",
      "[>] Weights: Not provided\n",
      "\n",
      "[>] SequenceData initialized successfully! Here's a summary:\n",
      "[>] Number of sequences: 10\n",
      "[>] Number of time points: 20\n",
      "[>] Min/Max sequence length: 20 / 20\n",
      "[>] States: ['1', '2']\n",
      "[>] Labels: ['1', '2']\n",
      "[>] Weights: Not provided\n",
      "[SequenceData(10 sequences, States: ['1', '2']), SequenceData(10 sequences, States: ['1', '2']), SequenceData(10 sequences, States: ['1', '2']), SequenceData(10 sequences, States: ['1', '2']), SequenceData(10 sequences, States: ['1', '2']), SequenceData(10 sequences, States: ['1', '2']), SequenceData(10 sequences, States: ['1', '2']), SequenceData(10 sequences, States: ['1', '2']), SequenceData(10 sequences, States: ['1', '2']), SequenceData(10 sequences, States: ['1', '2']), SequenceData(10 sequences, States: ['1', '2']), SequenceData(10 sequences, States: ['1', '2']), SequenceData(10 sequences, States: ['1', '2']), SequenceData(10 sequences, States: ['1', '2']), SequenceData(10 sequences, States: ['1', '2']), SequenceData(10 sequences, States: ['1', '2']), SequenceData(10 sequences, States: ['1', '2']), SequenceData(10 sequences, States: ['1', '2']), SequenceData(10 sequences, States: ['1', '2']), SequenceData(10 sequences, States: ['1', '2']), SequenceData(10 sequences, States: ['1', '2']), SequenceData(10 sequences, States: ['1', '2']), SequenceData(10 sequences, States: ['1', '2']), SequenceData(10 sequences, States: ['1', '2']), SequenceData(10 sequences, States: ['1', '2']), SequenceData(10 sequences, States: ['1', '2']), SequenceData(10 sequences, States: ['1', '2']), SequenceData(10 sequences, States: ['1', '2']), SequenceData(10 sequences, States: ['1', '2']), SequenceData(10 sequences, States: ['1', '2']), SequenceData(10 sequences, States: ['1', '2']), SequenceData(10 sequences, States: ['1', '2']), SequenceData(10 sequences, States: ['1', '2']), SequenceData(10 sequences, States: ['1', '2']), SequenceData(10 sequences, States: ['1', '2']), SequenceData(10 sequences, States: ['1', '2']), SequenceData(10 sequences, States: ['1', '2']), SequenceData(10 sequences, States: ['1', '2']), SequenceData(10 sequences, States: ['1', '2']), SequenceData(10 sequences, States: ['1', '2']), SequenceData(10 sequences, States: ['1', '2']), SequenceData(10 sequences, States: ['1', '2']), SequenceData(10 sequences, States: ['1', '2']), SequenceData(10 sequences, States: ['1', '2']), SequenceData(10 sequences, States: ['1', '2']), SequenceData(10 sequences, States: ['1', '2']), SequenceData(10 sequences, States: ['1', '2']), SequenceData(10 sequences, States: ['1', '2']), SequenceData(10 sequences, States: ['1', '2']), SequenceData(10 sequences, States: ['1', '2'])]\n",
      "[>] 50 domains with 10 sequences.\n",
      "[>] Building MD sequences of combined states.\n",
      "  - OK.\n",
      "[>] Computing substitution cost matrix for domain 0.\n",
      "[>] Computing substitution cost matrix for domain 1.\n",
      "[>] Computing substitution cost matrix for domain 2.\n",
      "[>] Computing substitution cost matrix for domain 3.\n",
      "[>] Computing substitution cost matrix for domain 4.\n",
      "[>] Computing substitution cost matrix for domain 5.\n",
      "[>] Computing substitution cost matrix for domain 6.\n",
      "[>] Computing substitution cost matrix for domain 7.\n",
      "[>] Computing substitution cost matrix for domain 8.\n",
      "[>] Computing substitution cost matrix for domain 9.\n",
      "[>] Computing substitution cost matrix for domain 10.\n",
      "[>] Computing substitution cost matrix for domain 11.\n",
      "[>] Computing substitution cost matrix for domain 12.\n",
      "[>] Computing substitution cost matrix for domain 13.\n",
      "[>] Computing substitution cost matrix for domain 14.\n",
      "[>] Computing substitution cost matrix for domain 15.\n",
      "[>] Computing substitution cost matrix for domain 16.\n",
      "[>] Computing substitution cost matrix for domain 17.\n",
      "[>] Computing substitution cost matrix for domain 18.\n",
      "[>] Computing substitution cost matrix for domain 19.\n",
      "[>] Computing substitution cost matrix for domain 20.\n",
      "[>] Computing substitution cost matrix for domain 21.\n",
      "[>] Computing substitution cost matrix for domain 22.\n",
      "[>] Computing substitution cost matrix for domain 23.\n",
      "[>] Computing substitution cost matrix for domain 24.\n",
      "[>] Computing substitution cost matrix for domain 25.\n",
      "[>] Computing substitution cost matrix for domain 26.\n",
      "[>] Computing substitution cost matrix for domain 27.\n",
      "[>] Computing substitution cost matrix for domain 28.\n",
      "[>] Computing substitution cost matrix for domain 29.\n",
      "[>] Computing substitution cost matrix for domain 30.\n",
      "[>] Computing substitution cost matrix for domain 31.\n",
      "[>] Computing substitution cost matrix for domain 32.\n",
      "[>] Computing substitution cost matrix for domain 33.\n",
      "[>] Computing substitution cost matrix for domain 34.\n",
      "[>] Computing substitution cost matrix for domain 35.\n",
      "[>] Computing substitution cost matrix for domain 36.\n",
      "[>] Computing substitution cost matrix for domain 37.\n",
      "[>] Computing substitution cost matrix for domain 38.\n",
      "[>] Computing substitution cost matrix for domain 39.\n",
      "[>] Computing substitution cost matrix for domain 40.\n",
      "[>] Computing substitution cost matrix for domain 41.\n",
      "[>] Computing substitution cost matrix for domain 42.\n",
      "[>] Computing substitution cost matrix for domain 43.\n",
      "[>] Computing substitution cost matrix for domain 44.\n",
      "[>] Computing substitution cost matrix for domain 45.\n",
      "[>] Computing substitution cost matrix for domain 46.\n",
      "[>] Computing substitution cost matrix for domain 47.\n",
      "[>] Computing substitution cost matrix for domain 48.\n",
      "[>] Computing substitution cost matrix for domain 49.\n",
      "[>] Computing MD substitution and indel costs with additive trick.\n",
      "  - OK.\n",
      "[>] Computing MD distances using additive trick.\n",
      "  - OK.\n"
     ]
    }
   ],
   "execution_count": 3
  },
  {
   "cell_type": "code",
   "id": "ad10962b",
   "metadata": {
    "ExecuteTime": {
     "end_time": "2026-01-05T10:47:12.748486Z",
     "start_time": "2026-01-05T10:47:12.744998Z"
    }
   },
   "source": [
    "print(D_sequenzo)\n",
    "print(\"\\n\")\n",
    "\n",
    "# Load D_traminer before printing using custom unpickler for NumPy 2.x compatibility\n",
    "with open(\"dist_om_traminer.pkl\", \"rb\") as f:\n",
    "    unpickler = NumpyCompatibilityUnpickler(f)\n",
    "    D_traminer = unpickler.load()\n",
    "\n",
    "print(D_traminer)"
   ],
   "outputs": [
    {
     "name": "stdout",
     "output_type": "stream",
     "text": [
      "[[  0.         555.77818054 586.72673655 553.74846099 568.52964939\n",
      "  526.54228876 596.48859341 543.23468468 539.0900539  589.1803452 ]\n",
      " [555.77818054   0.         557.76463399 483.59999173 563.70423285\n",
      "  572.2479531  568.71981687 553.80778232 518.3099587  589.57718507]\n",
      " [586.72673655 557.76463399   0.         534.92522232 592.28786691\n",
      "  572.90058341 571.37720228 549.55577545 535.37334475 571.66094807]\n",
      " [553.74846099 483.59999173 534.92522232   0.         571.4236996\n",
      "  551.97031163 575.54900946 559.15333652 491.14717575 543.11487488]\n",
      " [568.52964939 563.70423285 592.28786691 571.4236996    0.\n",
      "  471.78133794 561.05819983 598.52648706 581.1359417  546.28426539]\n",
      " [526.54228876 572.2479531  572.90058341 551.97031163 471.78133794\n",
      "    0.         560.49836026 571.45692914 555.26504848 568.81431164]\n",
      " [596.48859341 568.71981687 571.37720228 575.54900946 561.05819983\n",
      "  560.49836026   0.         611.80871363 547.98268066 540.72987218]\n",
      " [543.23468468 553.80778232 549.55577545 559.15333652 598.52648706\n",
      "  571.45692914 611.80871363   0.         553.90223081 554.24216559]\n",
      " [539.0900539  518.3099587  535.37334475 491.14717575 581.1359417\n",
      "  555.26504848 547.98268066 553.90223081   0.         560.91745035]\n",
      " [589.1803452  589.57718507 571.66094807 543.11487488 546.28426539\n",
      "  568.81431164 540.72987218 554.24216559 560.91745035   0.        ]]\n",
      "\n",
      "\n",
      "[[  0.         551.438464   590.7011487  558.23320021 569.50106608\n",
      "  523.98719994 597.83316371 552.43455992 545.32027421 588.18970496]\n",
      " [551.438464     0.         563.99885467 479.81157105 565.7535393\n",
      "  570.25897148 568.55825371 558.1578998  508.94951632 589.03445094]\n",
      " [590.7011487  563.99885467   0.         540.75665436 591.88421763\n",
      "  569.41351047 568.18946827 551.76331639 537.47650411 569.35206041]\n",
      " [558.23320021 479.81157105 540.75665436   0.         568.69462841\n",
      "  553.26117698 577.60373211 565.74508872 481.45051188 549.96750797]\n",
      " [569.50106608 565.7535393  591.88421763 568.69462841   0.\n",
      "  472.57457624 550.19533146 598.56026128 582.9601302  542.81149401]\n",
      " [523.98719994 570.25897148 569.41351047 553.26117698 472.57457624\n",
      "    0.         557.13888219 578.74768414 563.05138514 561.39741823]\n",
      " [597.83316371 568.55825371 568.18946827 577.60373211 550.19533146\n",
      "  557.13888219   0.         606.49532806 548.92176249 538.15183142]\n",
      " [552.43455992 558.1578998  551.76331639 565.74508872 598.56026128\n",
      "  578.74768414 606.49532806   0.         559.57758431 555.70643387]\n",
      " [545.32027421 508.94951632 537.47650411 481.45051188 582.9601302\n",
      "  563.05138514 548.92176249 559.57758431   0.         560.80899618]\n",
      " [588.18970496 589.03445094 569.35206041 549.96750797 542.81149401\n",
      "  561.39741823 538.15183142 555.70643387 560.80899618   0.        ]]\n"
     ]
    }
   ],
   "execution_count": 4
  },
  {
   "cell_type": "code",
   "id": "8a1359b0",
   "metadata": {
    "ExecuteTime": {
     "end_time": "2026-01-05T10:47:55.423149Z",
     "start_time": "2026-01-05T10:47:55.415527Z"
    }
   },
   "source": [
    "with open(\"dist_om_traminer.pkl\", \"rb\") as f : \n",
    "    unpickler = NumpyCompatibilityUnpickler(f)\n",
    "    D_traminer = unpickler.load()\n",
    "    \n",
    "def upper_triangle_flat(M):\n",
    "    \"\"\"Retourne les valeurs du triangle supérieur strict sous forme 1D.\"\"\"\n",
    "    return M[np.triu_indices_from(M, k=1)]\n",
    "\n",
    "v1 = upper_triangle_flat(D_sequenzo)\n",
    "v2 = upper_triangle_flat(D_traminer)\n",
    "\n",
    "\n",
    "corr = np.corrcoef(v1, v2)[0, 1]\n",
    "\n",
    "print(f\"[corr] Pearson correlation between Sequenzo and Traminer = {corr:.6f}\")"
   ],
   "outputs": [
    {
     "name": "stdout",
     "output_type": "stream",
     "text": [
      "[corr] Pearson correlation between Sequenzo and Traminer = 0.986345\n"
     ]
    }
   ],
   "execution_count": 5
  },
  {
   "cell_type": "code",
   "execution_count": null,
   "id": "56fcc3fa",
   "metadata": {
    "ExecuteTime": {
     "end_time": "2025-12-04T12:50:42.662277Z",
     "start_time": "2025-12-04T12:50:42.661087Z"
    }
   },
   "outputs": [],
   "source": []
  }
 ],
 "metadata": {
  "kernelspec": {
   "display_name": "python310",
   "language": "python",
   "name": "python3"
  },
  "language_info": {
   "codemirror_mode": {
    "name": "ipython",
    "version": 3
   },
   "file_extension": ".py",
   "mimetype": "text/x-python",
   "name": "python",
   "nbconvert_exporter": "python",
   "pygments_lexer": "ipython3",
   "version": "3.10.14"
  }
 },
 "nbformat": 4,
 "nbformat_minor": 5
}
